-1.8821760112563923 2.524772515174939 -0.22608457474591992 2.0875385361921714 -3.8258879393935294 0.22140166229901545 4.493301194276351 -1.0170288470049564 0.07995410379555762 2.8485232598619565 0.025710871913315878 0.561776646513049 0.2522583438503162 -0.07720993405253211 -3.4925687463227084 -1.4147669736167225 -0.004353994985510936 0.8156213170977452 2.521529130222231 -0.8451918287403547 
-0.9794307533432619 2.0129945396098674 1.5792024342309863 -0.9880738243245732 -2.4429705432944817 -1.3263947614998917 -1.6833335149433784 1.453220033771943 2.69959376733172 0.08723044853959093 -4.134745408728602 -2.408086505420431 0.8261958754402343 1.3151871669617503 1.8266263776973177 -2.094089529199972 -1.1361304092683806 0.060649366620878255 2.2568535155670837 0.8125672787692334 
-1.4590760920573138 0.12609912914915075 0.15333413557276665 3.1472143800016297 1.2152198395729426 -1.7156893641772961 -1.731606956370893 -1.0509613591895863 -1.9102161330740013 -0.7792980301691136 0.35086320331976667 -1.3257086797174946 3.7423087984271843 1.346367330933174 1.2913038257002782 -2.33577214959716 2.780099074842856 -1.0155569505215272 -2.256830900905896 0.6944062593533777 
-1.436393685535646 1.3320364028583767 2.4263222571967598 1.6731665792035066 1.8582820794590027 -0.03976756731658297 -0.14403694573733228 3.2449259887770765 -0.6099645354831025 -2.189106677536392 2.1657992094703715 0.520966838970888 -0.3741279872792778 -3.580089265929003 0.3637770784048952 -3.261642317916012 -2.2179716556376325 1.738422731466911 1.0315280888265212 0.2926545549836195 
0.06230507202826412 -1.1303184010012524 -1.1197554673846208 -1.7624141763316135 -1.5719956698554283 0.6619938016749526 -0.6799369997240662 1.154040474719778 0.2631767526730205 -1.0287567599669827 -0.6116851467647169 1.5977536397208913 -1.136816283849557 2.4857946893855436 0.21261320363198574 2.474531376995141 -1.0505927126451426 0.4961216986555781 -0.09240306364476603 -0.5862442331944694 
2.4862413290869827 0.3377909444574014 -0.5985967042316438 0.7204903844274083 1.7482036415525686 -1.1339453413577094 1.6627104549331975 -1.3630095097230412 -1.241842465213169 0.6121982840655199 -0.6931660833827094 -1.8501156431494439 0.7115597043787645 -1.384391209908137 0.35387778398665976 0.6943583313968993 -0.2801114020538027 -0.32408804594520413 -0.35927877479809167 0.575910205655058 
0.0500158940816909 -2.336192767895934 0.9332437439695003 -0.27612850336426226 0.8419461879586558 -1.8416046375649786 -0.6925770960665651 -0.6989674470173279 2.787425164442436 1.2282415781696163 -1.4524430528820755 0.9201129007072708 -1.098195182743143 -3.331025220022076 -1.4977304057559089 2.3650641756823707 -1.3072075896663014 -4.836573329924589 -0.34194836404710705 1.0633765243832012 
1.9393398224239 -0.056141089665148546 -2.0037434977818975 -1.2117849107901768 0.5278895789230501 0.5593939802188018 0.9703570657386013 0.0723607255225131 -0.5988014433376885 0.5888051719527942 1.92190359683336 1.27964626851101 -0.3139995185396452 1.5115159461924463 -0.215829602860992 1.549970359329747 1.6919810096081065 0.594150849571967 -0.2633683334587766 0.7620410649341942 
-1.2967747159560357 1.1353218799319844 -0.6347498632955385 0.8422401539958099 -1.2074863199597428 1.399314630795185 -0.11287802919663682 -2.6560406209830205 -3.3367213083442158 0.19564899956345527 
1.9174569536926445 0.48043424796581546 0.1935766542692324 -4.137824851644322 -1.159501670331499 -2.501231515472526 0.3466289882920518 -0.4363546749179325 1.033566838527891 0.6532407314192302 
-0.2192620425109261 -1.5369854752085486 0.02753288794977479 -0.3433144705301481 1.779409932155977 -1.3985175645229055 -1.5581703344666389 -0.3931071553503119 1.6469563378567802 2.20292588139685 
-0.7039407327581676 -3.391193883018224 0.5379031261197965 0.5312628786639483 -3.4986268700824454 -2.2997861176382526 0.9921874218645377 0.48440551271965804 1.592309571423218 1.4370522319435615 
-3.358196682311658 0.8056714329373712 1.9149814964546528 2.565295404725415 -1.3393044118911324 0.29307099098602607 -3.505533257234453 0.5788588750951165 -2.7204809224111814 3.3170047436654833 
-0.8060418121608475 2.571969392278427 -0.17790744877640316 -0.4483517048982473 -1.3120165576691971 -0.970435120131624 -0.08259251792941755 -0.016570489422593725 -0.648105066206786 -0.23220913381505537 
1.7911695497669227 1.5407174676198008 2.55039012285032 -0.3588223516098427 -1.3835075143370912 -2.9609488333624476 2.8311142170537735 -2.8020536162535734 1.5140402555727746 -3.16925097183865 
-0.557870558970287 -1.1262221933585914 -2.930648066226906 -1.4709045619205776 0.006358392572522489 -2.320609770810085 -4.350454326441153 -0.5421266406096656 1.1547615652498646 0.18243478081204623 
-2.925421775837676 -1.2431982542166768 -2.2965445872652457 -2.132552655715855 2.79686492731812 -0.007834771152741088 0.295015114075516 -2.4748430581353715 1.2928949159959031 0.418525802316067 
-1.0294928706328357 -0.8821423610710144 0.9989041955993455 -2.398042343499397 -1.665555921022262 -0.08858800410411918 1.1433817119004996 -2.7255630569668945 0.8572132368291583 -3.2605947923579057 
-0.98296565118198 1.7273060360155694 2.0219563158005966 1.5470779225442024 -1.5245377090623917 -2.560462216750338 -1.1906468428182277 2.0957963265671293 -3.7140304516338793 -3.2587807026416766 
-2.3645489963236286 0.815937775972432 -0.6734669398019862 0.8797930450849308 1.4229070427546875 -1.77684526528163 -0.8932310388489629 0.6531395226405771 -1.4573259513866377 -3.471466286030298 
-0.025882958783577707 -3.0323588674162916 0.1925169910048396 -0.3828082953865617 -2.6942763599948565 -0.19926679623788032 -0.957038287078391 1.5465768900786931 0.22926587293002582 1.8644764274170411 
1.5754915498837674 -0.11384823821263253 -2.6503890191279393 -3.1485673909332794 -1.145572021499044 1.9928837188400264 2.6093817398457575 2.1667551472418785 -3.823009225146836 -1.980623030487417 
0.011351907084506627 -1.973636250519447 -3.140215975522615 -0.32365573097153627 -0.8147224733049355 2.012680315574304 -2.556305833034998 -0.018053870250019446 -2.2324553559672093 2.237607980117182 
-2.933936490209597 0.7255646677676757 -2.442569849566562 2.6883748971692976 0.5307050764400173 2.8992144702390004 1.9605294519552852 -2.9814576572564815 -3.1127088154330758 -2.4660774146794933 
0.02674613933045377 -0.9418820512913832 1.3047126958671065 -0.5955919635107753 -0.877928537860995 1.4931987800126338 0.07190481957632534 1.9372127178386838 -2.7341810115211427 -2.204359013339834 
4.351462838986552 2.809957763276488 -0.8246762875827853 -2.1338527323387733 -0.8156522084523522 -1.9493852024672838 -2.2115551664280524 1.3711431841117268 -3.1478897618070043 -0.8458304490015696 
1.2140196548183968 0.6745796152836807 -0.4791454566805176 -3.1593105835032422 1.8086547831662636 -1.9418567614891722 0.6841503672568183 -2.5497251039056703 1.1551325060316824 -0.1949017928255748 
-0.8266791403806519 -1.8422752852332043 -0.38620988933306466 0.13186267584646516 0.4984802709049427 0.23755398766308886 -1.0836601498449083 -0.5533836043391155 -0.20575230773152528 -1.183354429590476 
-1.7718820841270801 -0.6780522581427049 -1.8599192104660975 0.010427147791585543 -0.3847368964080833 -0.7586387469202021 -1.739235990451259 -1.740647725739431 -1.1540282349386266 -2.1444793884863227 
